header: 
  seq: 1708
  stamp: 
    secs: 1712664809
    nsecs: 202296000
  frame_id: "laser_link"
angle_min: -3.14159274101
angle_max: 3.14159274101
angle_increment: 0.0161521472037
time_increment: 0.000250000011874
scan_time: 0.097000002861
range_min: 0.10000000149
range_max: 12.0
ranges: [0.0, 0.0, 0.0, 0.0, 0.0, 0.0, 0.0, 0.0, 0.0, 0.0, 0.0, 0.0, 0.0, 0.0, 0.0, 0.0, 0.0, 0.0, 0.0, 0.0, 0.0, 0.0, 0.0, 0.0, 0.0, 0.0, 0.0, 0.0, 0.0, 0.0, 0.0, 0.0, 0.0, 0.0, 0.0, 0.0, 0.0, 0.0, 0.0, 0.0, 0.0, 0.0, 0.0, 0.0, 0.0, 0.0, 0.0, 0.0, 0.0, 0.0, 0.0, 0.0, 0.0, 0.0, 0.0, 0.0, 0.0, 0.0, 0.0, 0.0, 0.0, 0.0, 0.0, 0.0, 0.0, 0.0, 0.0, 0.0, 0.0, 0.0, 0.0, 0.0, 0.0, 0.0, 0.0, 0.0, 0.0, 0.0, 0.0, 0.0, 0.0, 0.0, 0.0, 0.0, 1.0805000066757202, 0.0, 0.0, 0.0, 2.434499979019165, 0.0, 0.0, 2.5532500743865967, 2.5752499103546143, 2.6152501106262207, 2.6514999866485596, 1.059000015258789, 1.056249976158142, 1.0582499504089355, 1.0774999856948853, 0.0, 2.9719998836517334, 2.9795000553131104, 0.0, 0.0, 0.0, 2.8310000896453857, 2.8042500019073486, 2.7834999561309814, 2.0824999809265137, 2.716249942779541, 2.696500062942505, 0.0, 0.0, 1.4874999523162842, 1.4322500228881836, 1.4152499437332153, 1.4532500505447388, 1.4912500381469727, 1.4522500038146973, 1.4774999618530273, 0.0, 4.333499908447266, 0.0, 0.0, 4.843500137329102, 4.326499938964844, 0.0, 0.0, 0.0, 6.822500228881836, 0.0, 7.039999961853027, 7.004499912261963, 7.513500213623047, 0.0, 0.0, 11.02299976348877, 10.82800006866455, 0.0, 10.817000389099121, 11.060500144958496, 0.0, 10.916000366210938, 11.014249801635742, 11.041000366210938, 11.027999877929688, 0.0, 11.069000244140625, 0.0, 11.094499588012695, 4.254499912261963, 3.9755001068115234, 3.8429999351501465, 3.8682498931884766, 3.891249895095825, 3.9024999141693115, 3.9885001182556152, 3.7785000801086426, 3.5234999656677246, 3.299499988555908, 3.1085000038146973, 2.929500102996826, 2.7744998931884766, 2.626499891281128, 2.5114998817443848, 2.382499933242798, 2.2874999046325684, 2.191499948501587, 2.1054999828338623, 2.0295000076293945, 1.9585000276565552, 1.8945000171661377, 1.8315000534057617, 1.7755000591278076, 1.721500039100647, 1.6694999933242798, 1.6265000104904175, 1.5802500247955322, 1.5402499437332153, 1.5012500286102295, 1.4642499685287476, 1.4302500486373901, 1.3972500562667847, 1.3652499914169312, 1.337249994277954, 1.3112499713897705, 1.2832499742507935, 1.2592500448226929, 1.2432500123977661, 1.2132500410079956, 1.1932499408721924, 1.1732499599456787, 1.1552499532699585, 1.1372499465942383, 1.1202499866485596, 0.0, 1.090250015258789, 1.1042499542236328, 1.1262500286102295, 1.1482499837875366, 1.1722500324249268, 1.1972500085830688, 1.225250005722046, 1.2522499561309814, 1.2832499742507935, 1.315250039100647, 1.3492499589920044, 1.3862500190734863, 1.4255000352859497, 1.4665000438690186, 1.5104999542236328, 1.55649995803833, 1.6074999570846558, 1.662500023841858, 1.7204999923706055, 1.7675000429153442, 0.0, 0.0, 2.8602499961853027, 2.846250057220459, 2.8292500972747803, 2.8334999084472656, 2.9784998893737793, 2.7952499389648438, 2.7844998836517334, 2.9154999256134033, 3.125499963760376, 3.3554999828338623, 3.632499933242798, 3.950500011444092, 0.0, 5.17425012588501, 5.167250156402588, 5.159249782562256, 5.153250217437744, 5.1332502365112305, 5.125249862670898, 5.121250152587891, 5.121250152587891, 5.107250213623047, 5.094250202178955, 5.098249912261963, 5.093249797821045, 5.100249767303467, 5.102250099182129, 5.106249809265137, 5.108250141143799, 5.1292500495910645, 5.137249946594238, 5.136250019073486, 5.157249927520752, 5.160250186920166, 5.172249794006348, 5.183499813079834, 3.253499984741211, 0.0, 0.0, 0.0, 5.295499801635742, 0.0, 2.3480000495910645, 2.3712499141693115, 2.3802499771118164, 2.4184999465942383, 2.3389999866485596, 2.325000047683716, 0.0, 0.0, 0.0, 2.2695000171661377, 0.0, 3.703249931335449, 3.702500104904175, 0.0, 0.0, 0.0, 2.2844998836517334, 0.0, 0.0, 0.0, 0.0, 0.0, 1.0570000410079956, 1.0635000467300415, 0.0, 0.0, 6.912499904632568, 6.53849983215332, 6.270500183105469, 2.434499979019165, 0.0, 0.0, 1.1922500133514404, 1.1944999694824219, 0.0, 0.0, 5.559500217437744, 0.0, 1.0049999952316284, 0.9815000295639038, 0.0, 0.0, 0.0, 1.2580000162124634, 1.2634999752044678, 0.0, 5.385000228881836, 5.361249923706055, 5.301249980926514, 5.273250102996826, 5.222249984741211, 5.181250095367432, 5.151249885559082, 5.155250072479248, 5.200500011444092, 1.4592499732971191, 1.468500018119812, 0.0, 0.0, 0.0, 0.0, 0.0, 0.0, 0.0, 0.0, 0.0, 0.9315000176429749, 0.0, 0.0, 0.0, 0.0, 0.0, 0.0, 0.0, 0.0, 0.0, 0.0, 0.0, 0.0, 0.0, 0.0, 0.0, 0.0, 0.0, 0.0, 0.0, 0.0, 0.0, 0.0, 0.0, 0.0, 0.0, 0.0, 0.0, 0.0, 0.0, 0.0, 0.0, 0.0, 0.0, 0.0, 0.0, 0.0, 0.0, 0.0, 0.0, 0.0, 0.0, 0.0, 0.0, 0.0, 0.0, 0.0, 0.0, 0.0, 0.0, 0.0, 0.0, 0.0, 0.0, 0.0, 0.0, 0.0, 0.0, 0.0, 0.0, 0.0, 0.0, 0.0, 0.0]
intensities: [0.0, 0.0, 0.0, 0.0, 0.0, 0.0, 0.0, 0.0, 0.0, 0.0, 0.0, 0.0, 0.0, 0.0, 0.0, 0.0, 0.0, 0.0, 0.0, 0.0, 0.0, 0.0, 0.0, 0.0, 0.0, 0.0, 0.0, 0.0, 0.0, 0.0, 0.0, 0.0, 0.0, 0.0, 0.0, 0.0, 0.0, 0.0, 0.0, 0.0, 0.0, 0.0, 0.0, 0.0, 0.0, 0.0, 0.0, 0.0, 0.0, 0.0, 0.0, 0.0, 0.0, 0.0, 0.0, 0.0, 0.0, 0.0, 0.0, 0.0, 0.0, 0.0, 0.0, 0.0, 0.0, 0.0, 0.0, 0.0, 0.0, 0.0, 0.0, 0.0, 0.0, 0.0, 0.0, 0.0, 0.0, 0.0, 0.0, 0.0, 0.0, 0.0, 0.0, 0.0, 1016.0, 0.0, 0.0, 0.0, 1016.0, 0.0, 0.0, 1012.0, 1012.0, 1012.0, 1016.0, 1008.0, 1012.0, 1012.0, 1016.0, 0.0, 1008.0, 1016.0, 0.0, 0.0, 0.0, 1008.0, 1012.0, 1016.0, 1016.0, 1012.0, 1016.0, 0.0, 0.0, 1016.0, 1012.0, 1012.0, 1012.0, 1012.0, 1012.0, 1016.0, 0.0, 1016.0, 0.0, 0.0, 1016.0, 1016.0, 0.0, 0.0, 0.0, 1016.0, 0.0, 1008.0, 1016.0, 1016.0, 0.0, 0.0, 1008.0, 1008.0, 0.0, 1008.0, 1016.0, 0.0, 1008.0, 1012.0, 1008.0, 1008.0, 0.0, 1008.0, 0.0, 1016.0, 1016.0, 1016.0, 1008.0, 1012.0, 1012.0, 1016.0, 1016.0, 1016.0, 1016.0, 1016.0, 1016.0, 1016.0, 1016.0, 1016.0, 1016.0, 1016.0, 1016.0, 1016.0, 1016.0, 1016.0, 1016.0, 1016.0, 1016.0, 1016.0, 1016.0, 1016.0, 1016.0, 1012.0, 1012.0, 1012.0, 1012.0, 1012.0, 1012.0, 1012.0, 1012.0, 1012.0, 1012.0, 1012.0, 1012.0, 1012.0, 1012.0, 1012.0, 1012.0, 1012.0, 1012.0, 0.0, 1012.0, 1012.0, 1012.0, 1012.0, 1012.0, 1012.0, 1012.0, 1012.0, 1012.0, 1012.0, 1012.0, 1012.0, 1016.0, 1016.0, 1016.0, 1016.0, 1016.0, 1016.0, 1016.0, 1016.0, 0.0, 0.0, 1012.0, 1012.0, 1012.0, 1016.0, 1016.0, 1012.0, 1016.0, 1016.0, 1016.0, 1016.0, 1016.0, 1016.0, 0.0, 1012.0, 1012.0, 1012.0, 1012.0, 1012.0, 1012.0, 1012.0, 1012.0, 1012.0, 1012.0, 1012.0, 1012.0, 1012.0, 1012.0, 1012.0, 1012.0, 1012.0, 1012.0, 1012.0, 1012.0, 1012.0, 1012.0, 1016.0, 1016.0, 0.0, 0.0, 0.0, 1016.0, 0.0, 1008.0, 1012.0, 1012.0, 1016.0, 1008.0, 1008.0, 0.0, 0.0, 0.0, 1016.0, 0.0, 1012.0, 1016.0, 0.0, 0.0, 0.0, 1016.0, 0.0, 0.0, 0.0, 0.0, 0.0, 1008.0, 1016.0, 0.0, 0.0, 1016.0, 1016.0, 1016.0, 1016.0, 0.0, 0.0, 1012.0, 1016.0, 0.0, 0.0, 1016.0, 0.0, 1008.0, 1016.0, 0.0, 0.0, 0.0, 1008.0, 1016.0, 0.0, 1008.0, 1012.0, 1012.0, 1012.0, 1012.0, 1012.0, 1012.0, 1012.0, 1016.0, 1012.0, 1016.0, 0.0, 0.0, 0.0, 0.0, 0.0, 0.0, 0.0, 0.0, 0.0, 1016.0, 0.0, 0.0, 0.0, 0.0, 0.0, 0.0, 0.0, 0.0, 0.0, 0.0, 0.0, 0.0, 0.0, 0.0, 0.0, 0.0, 0.0, 0.0, 0.0, 0.0, 0.0, 0.0, 0.0, 0.0, 0.0, 0.0, 0.0, 0.0, 0.0, 0.0, 0.0, 0.0, 0.0, 0.0, 0.0, 0.0, 0.0, 0.0, 0.0, 0.0, 0.0, 0.0, 0.0, 0.0, 0.0, 0.0, 0.0, 0.0, 0.0, 0.0, 0.0, 0.0, 0.0, 0.0, 0.0, 0.0, 0.0, 0.0, 0.0, 0.0, 0.0, 0.0, 0.0]
---
