header: 
  seq: 1085
  stamp: 
    secs: 1716813991
    nsecs: 944751000
  frame_id: "laser_link"
angle_min: -3.14159274101
angle_max: 3.14159274101
angle_increment: 0.0161521472037
time_increment: 0.000250000011874
scan_time: 0.097000002861
range_min: 0.10000000149
range_max: 12.0
ranges: [0.0, 0.0, 0.0, 0.0, 0.0, 0.0, 0.0, 0.0, 0.0, 0.0, 0.0, 0.0, 0.0, 0.0, 0.0, 0.0, 0.0, 0.0, 0.0, 0.0, 0.0, 0.0, 0.0, 0.0, 0.0, 0.0, 0.0, 0.0, 0.0, 0.0, 0.0, 0.0, 0.0, 0.0, 0.0, 0.0, 0.0, 0.0, 0.0, 0.0, 0.0, 0.0, 0.0, 0.0, 0.0, 0.0, 0.0, 0.0, 0.0, 0.0, 0.0, 0.0, 0.0, 0.0, 0.0, 0.0, 0.0, 0.0, 0.0, 0.0, 0.0, 0.0, 0.0, 0.0, 0.0, 0.0, 0.0, 0.0, 0.0, 0.0, 0.0, 0.0, 0.0, 0.0, 0.0, 0.0, 0.32249999046325684, 0.0, 0.0, 0.0, 0.0, 0.0, 0.0, 0.0, 0.0, 3.6624999046325684, 3.597249984741211, 3.5582499504089355, 3.5012500286102295, 3.470249891281128, 3.4292500019073486, 3.3892500400543213, 3.3572499752044678, 3.3292500972747803, 3.292249917984009, 3.2612500190734863, 3.2362499237060547, 3.206249952316284, 3.1822500228881836, 3.1565001010894775, 2.2372500896453857, 2.249500036239624, 2.385499954223633, 2.4565000534057617, 2.5445001125335693, 2.6414999961853027, 2.7235000133514404, 3.027250051498413, 2.998500108718872, 2.4065001010894775, 2.9892499446868896, 2.969249963760376, 2.961250066757202, 2.9472498893737793, 2.9392499923706055, 2.9312500953674316, 2.9242498874664307, 2.915250062942505, 2.907249927520752, 2.899250030517578, 2.897249937057495, 2.8902499675750732, 2.8892500400543213, 2.8852500915527344, 2.8842499256134033, 2.8802499771118164, 2.8494999408721924, 2.6802499294281006, 2.6822500228881836, 2.689500093460083, 1.565500020980835, 2.6912500858306885, 2.6902499198913574, 2.6952500343322754, 2.7014999389648438, 2.3965001106262207, 2.5274999141693115, 2.721250057220459, 2.7382500171661377, 2.7382500171661377, 2.7502501010894775, 2.7695000171661377, 2.3415000438690186, 2.549499988555908, 2.794250011444092, 2.8062500953674316, 2.8202500343322754, 2.838249921798706, 2.854249954223633, 2.8672499656677246, 2.8902499675750732, 2.913249969482422, 2.9302499294281006, 2.9522500038146973, 2.974250078201294, 2.996500015258789, 2.1872498989105225, 2.1702499389648438, 2.154249906539917, 2.1435000896453857, 0.0, 0.0, 0.0, 0.0, 2.3585000038146973, 2.1064999103546143, 2.378499984741211, 0.0, 3.683500051498413, 0.0, 0.0, 0.0, 3.916249990463257, 3.962249994277954, 4.007500171661377, 4.08050012588501, 4.1545000076293945, 4.230249881744385, 4.279250144958496, 4.241250038146973, 4.175250053405762, 4.112500190734863, 3.911250114440918, 3.9342501163482666, 3.9522500038146973, 3.907249927520752, 3.8662500381469727, 3.8202500343322754, 3.7764999866485596, 2.9655001163482666, 3.7335000038146973, 0.8084999918937683, 0.0, 0.0, 0.0, 0.0, 0.0, 0.0, 0.0, 0.0, 0.0, 0.0, 0.0, 0.0, 0.0, 0.7310000061988831, 0.7289999723434448, 0.7250000238418579, 0.7229999899864197, 0.7202500104904175, 0.7182499766349792, 0.7162500023841858, 0.7142500281333923, 0.7132499814033508, 0.7102500200271606, 0.7092499732971191, 0.7072499990463257, 0.706250011920929, 0.7052500247955322, 0.7042499780654907, 0.703249990940094, 0.7022500038146973, 0.7012500166893005, 0.7022500038146973, 0.7005000114440918, 0.0, 1.2699999809265137, 1.246250033378601, 1.219249963760376, 1.1972500085830688, 1.1764999628067017, 1.3005000352859497, 1.3504999876022339, 1.719249963760376, 1.7032500505447388, 1.6890000104904175, 1.688249945640564, 1.684249997138977, 1.6832499504089355, 1.684249997138977, 1.6892499923706055, 1.6932499408721924, 1.7022500038146973, 1.7142499685287476, 1.7262500524520874, 1.7432500123977661, 1.7592500448226929, 1.7762500047683716, 1.7912499904632568, 1.7890000343322754, 1.7710000276565552, 1.7979999780654907, 1.787500023841858, 0.0, 2.5452499389648438, 2.487499952316284, 2.4144999980926514, 2.3424999713897705, 2.276249885559082, 2.2255001068115234, 2.155250072479248, 2.1102499961853027, 2.0102500915527344, 1.9665000438690186, 1.9242500066757202, 1.8842500448226929, 1.847249984741211, 1.812250018119812, 1.778249979019165, 1.7442500591278076, 1.7142499685287476, 1.6822500228881836, 1.6542500257492065, 1.6272499561309814, 1.6022499799728394, 1.5782500505447388, 1.5552500486373901, 1.534250020980835, 1.5152499675750732, 1.4945000410079956, 0.9789999723434448, 0.9682499766349792, 0.9645000100135803, 1.4142500162124634, 1.4042500257492065, 1.3892500400543213, 1.374250054359436, 1.3612500429153442, 1.3422499895095825, 1.3202500343322754, 1.312250018119812, 1.309249997138977, 1.3082499504089355, 1.2994999885559082, 0.0, 0.8622499704360962, 0.8572499752044678, 0.859499990940094, 1.250249981880188, 1.2442500591278076, 1.2362500429153442, 1.2302500009536743, 1.2232500314712524, 1.216249942779541, 1.2112499475479126, 1.2062499523162842, 1.2002500295639038, 1.1952500343322754, 1.1922500133514404, 1.188249945640564, 1.1822500228881836, 1.1802500486373901, 1.1782499551773071, 1.1802500486373901, 1.1932499408721924, 1.2102500200271606, 1.2285000085830688, 0.0, 0.0, 0.0, 0.0, 0.0, 0.0, 0.0, 1.1619999408721924, 1.156999945640564, 1.159999966621399, 1.1660000085830688, 1.184499979019165, 0.0, 0.0, 0.0, 0.0, 0.0, 0.0, 0.0, 0.0, 0.0, 0.0, 0.0, 0.0, 0.0, 0.0, 0.0, 0.0, 0.0, 0.0, 0.0, 0.0, 0.0, 0.0, 0.0, 0.0, 0.0, 0.0, 0.0, 0.0, 0.0, 0.0, 0.0, 0.0, 0.0, 0.0, 0.0, 0.0, 0.0, 0.0, 0.0, 0.0, 0.0, 0.0, 0.0, 0.0, 0.0, 0.0, 0.0, 0.0, 0.0, 0.0, 0.0, 0.0, 0.0, 0.0, 0.0, 0.0, 0.0, 0.0, 0.0, 0.0, 0.0]
intensities: [0.0, 0.0, 0.0, 0.0, 0.0, 0.0, 0.0, 0.0, 0.0, 0.0, 0.0, 0.0, 0.0, 0.0, 0.0, 0.0, 0.0, 0.0, 0.0, 0.0, 0.0, 0.0, 0.0, 0.0, 0.0, 0.0, 0.0, 0.0, 0.0, 0.0, 0.0, 0.0, 0.0, 0.0, 0.0, 0.0, 0.0, 0.0, 0.0, 0.0, 0.0, 0.0, 0.0, 0.0, 0.0, 0.0, 0.0, 0.0, 0.0, 0.0, 0.0, 0.0, 0.0, 0.0, 0.0, 0.0, 0.0, 0.0, 0.0, 0.0, 0.0, 0.0, 0.0, 0.0, 0.0, 0.0, 0.0, 0.0, 0.0, 0.0, 0.0, 0.0, 0.0, 0.0, 0.0, 0.0, 1016.0, 0.0, 0.0, 0.0, 0.0, 0.0, 0.0, 0.0, 0.0, 1016.0, 1012.0, 1012.0, 1012.0, 1012.0, 1012.0, 1012.0, 1012.0, 1012.0, 1012.0, 1012.0, 1012.0, 1012.0, 1012.0, 1016.0, 1012.0, 1016.0, 1016.0, 1016.0, 1016.0, 1016.0, 1016.0, 1012.0, 1016.0, 1016.0, 1012.0, 1012.0, 1012.0, 1012.0, 1012.0, 1012.0, 1012.0, 1012.0, 1012.0, 1012.0, 1012.0, 1012.0, 1012.0, 1012.0, 1012.0, 1012.0, 1016.0, 1012.0, 1012.0, 1016.0, 1016.0, 1012.0, 1012.0, 1012.0, 1016.0, 1016.0, 1016.0, 1012.0, 1012.0, 1012.0, 1012.0, 1016.0, 1016.0, 1016.0, 1012.0, 1012.0, 1012.0, 1012.0, 1012.0, 1012.0, 1012.0, 1012.0, 1012.0, 1012.0, 1012.0, 1016.0, 1012.0, 1012.0, 1012.0, 1016.0, 0.0, 0.0, 0.0, 0.0, 1016.0, 1016.0, 1016.0, 0.0, 1016.0, 0.0, 0.0, 0.0, 1012.0, 1012.0, 1016.0, 1016.0, 1016.0, 1012.0, 1012.0, 1012.0, 1012.0, 1016.0, 1012.0, 1012.0, 1012.0, 1012.0, 1012.0, 1012.0, 1016.0, 1016.0, 1016.0, 1016.0, 0.0, 0.0, 0.0, 0.0, 0.0, 0.0, 0.0, 0.0, 0.0, 0.0, 0.0, 0.0, 0.0, 1008.0, 1008.0, 1008.0, 1008.0, 1012.0, 1012.0, 1012.0, 1012.0, 1012.0, 1012.0, 1012.0, 1012.0, 1012.0, 1012.0, 1012.0, 1012.0, 1012.0, 1012.0, 1012.0, 1016.0, 0.0, 1008.0, 1012.0, 1012.0, 1012.0, 1016.0, 1016.0, 1016.0, 1012.0, 1012.0, 1008.0, 1012.0, 1012.0, 1012.0, 1012.0, 1012.0, 1012.0, 1012.0, 1012.0, 1012.0, 1012.0, 1012.0, 1012.0, 1012.0, 1008.0, 1008.0, 1008.0, 1016.0, 0.0, 1012.0, 1016.0, 1016.0, 1016.0, 1012.0, 1016.0, 1012.0, 1012.0, 1012.0, 1016.0, 1012.0, 1012.0, 1012.0, 1012.0, 1012.0, 1012.0, 1012.0, 1012.0, 1012.0, 1012.0, 1012.0, 1012.0, 1012.0, 1012.0, 1012.0, 1016.0, 1008.0, 1012.0, 1016.0, 1012.0, 1012.0, 1012.0, 1012.0, 1012.0, 1012.0, 1012.0, 1012.0, 1012.0, 1012.0, 1016.0, 0.0, 1012.0, 1012.0, 1016.0, 1012.0, 1012.0, 1012.0, 1012.0, 1012.0, 1012.0, 1012.0, 1012.0, 1012.0, 1012.0, 1012.0, 1012.0, 1012.0, 1012.0, 1012.0, 1012.0, 1012.0, 1012.0, 1016.0, 0.0, 0.0, 0.0, 0.0, 0.0, 0.0, 0.0, 1008.0, 1008.0, 1008.0, 1008.0, 1016.0, 0.0, 0.0, 0.0, 0.0, 0.0, 0.0, 0.0, 0.0, 0.0, 0.0, 0.0, 0.0, 0.0, 0.0, 0.0, 0.0, 0.0, 0.0, 0.0, 0.0, 0.0, 0.0, 0.0, 0.0, 0.0, 0.0, 0.0, 0.0, 0.0, 0.0, 0.0, 0.0, 0.0, 0.0, 0.0, 0.0, 0.0, 0.0, 0.0, 0.0, 0.0, 0.0, 0.0, 0.0, 0.0, 0.0, 0.0, 0.0, 0.0, 0.0, 0.0, 0.0, 0.0, 0.0, 0.0, 0.0, 0.0, 0.0, 0.0, 0.0, 0.0]
